POSITION CONTROL REGISTER

0641098

111111 111111 111111 111111 111111 111111 111111 111111 111111 111111 111111 111111 111111 111111

11000017115 80 8134-01 18 4388 8 183249 8 813 8 813 8 813 8

80 8136-18 18 4388 8 813004 8 813 8 813 8 813 8

0511000 80 8134-01 8 4388 8 809324 9 910 9 910 9 910 9

80 8134-01 8 4388 8 809324 9 910 9 910 9 910 9

80 8134-01 8 4388 8 809324 9 910 9 910 9 910 9

80 8134-01 8 4388 8 809324 9 910 9 910 9 910 9

80 8134-01 8 4388 8 809324 9 910 9 910 9 910 9

80 8134-01 8 4388 8 809324 9 910 9 910</td