RAE L. FREDERICK Co.

Foreign Service Officer and Foreign Service Reserve Officer Schedule Revised by 1956 Pay Act Randall, Frederick c.

BASIC PAY RATES

F80-1 & PER-1 $13,760 $14,150 $14,620 $14,800 $14,800 16,600 16,600 17,000

14,600 15,000 15,400 15,800 16,200

F80-2 & PER-2 $11,965 $11,990 $12,365 $12,740 $13,115 $13,495 $13,655 $13,655

12,600 12,900 13,200 13,500 13,800 14,100 14,400

F80-3 & PER-3 9,815 $10,140 $10,460 $10,785 $11,105 $11,430 $11,750 $11,750

10,600 10,900 11,200 11,500 11,800 12,100 12,400

F80-4 & PER-4 7,490 7,810 8,135 8,455 8,780 9,100 9,425 9,425

9,000 9,250 9,500 9,750 10,000 10,250 10,500

F80-5 & PER-5 5,715 5,930 6,145 6,360 6,575 6,790 7,005 7,005

7,400 7,650 7,900 8,150 8,400 8,650 8,900

F80-6 & PER-6 4,295 4,510 4,725 4,940 5,155 5,370 5,475 5,475

6,100 6,300 (6,500) 6,700 6,900 7,100 7,300

PER-7 5,100 5,250 5,400 5,550 5,700 5,850 6,000

PER-8 4,300 4,450 4,600 4,750 4,900 5,050 5,200

The above basic pay rates are effective