FIELD EXPENSES

STATE 1951 1952

Fees and Salaries Expenses Total Fees and Salaries Expenses Total

% 1000. 850. 1750.

ALABAMA-562.00 1,771.08 2,339.08 1000. 750. 1750.

ARIZONA-60.00 3,986.81 4,586.81

ARKANSAS 555.00 7,392.55 7,947.55 1275. 1750. 3025.

CALIFORNIA, NO. 11,275.00 12,886.15 24,161.15 4000. 6000. 10000.

SO. 21,050.00 16,623.68 37,673.68 4000. 6000. 10000.

COLOREO-600.00 14,055.67 20,085.87 2000. 4375. 6375.

CONCTICUT 6,151.65 7,215.06 13,366.71 1000. 500. 1500.

DENMARK-7,466.00 7,852.92 15,318.52

D.C., WASHINGTON 7,605.19 3,762.33 11,368.57 1000. 1000. 1000.

FLORIDA-6,600.00 10,353.25 16,953.25 2550. 250. 2800.

GEORGIA-6,200.00 6,139.53 12,389.53 1000. 1725. 2725.

Idaho 1,050.00 3,440.97</td