POSITION CONTROL REGISTER

DATE OF ORDER NUMBER OF UNITS STATUS PROJECT NAME BATCH NO. PROGRAM NUMBER SEQUENCE NO. PROGRAM NUMBER NUMBER OF UNITS DATED ORDER DATE CONTRACT NUMBER CONTRACT DATE JANUARY FEBRUARY MARCH

06-07/18/89 177 3001 AIRB-08-07/18/89 32 3215 40001 30000 16 12 88 18 12 88 18 12 88 18 12 88 18 12 88

06-07/18/89 177 3002 AIRB-08-07/18/89 32 3216 40002 30000 16 12 88 18 12 88 18 12 88 18 12 88 18 12 88

06-07/18/89 177 3003 AIRB-08-07/18/89 32 3217 40003 30000 16 12 88 18 12 88 18 12 88 18 12 88 18 12 88

06-07/18/89 177 3004 AIRB-08-07/18/89 32 3218 40004 30000 16 12 88 18 12 88 18 12 88 18 12 88 18 12 88

06-07/18/89 177 3005 AIRB-08-07/18/89 32 3219 40005 30000 16 12 88 18 12 88 18 12 88 18 12 88 18 12 88

06-07/18/89 177 3006 AIRB-08-07/18/89 32 3220</td