TUESDAY-27 JUNE

JUNE 1961

S M T W T F S 1 2 3

4 5 6 7 8 9 10

11 12 13 14 15 16 17

18 19 20 21 22 23 24

25 26 27 28 29 30

178 10:00 USIB Principals 101 10:30 USIB Mtg.

12:30 Lunch, Secretary U. Hall

3 Lnkk Gordon - 4 Col. Y (Vietnam) 4:30- The President at Mansion 5:15- McParratt 7:30 6:00 Harry Kern Dinner - Ned Gross- Bl. Air

101

1861

1961

1961

1961

1961

1961

1961

1961

1961

1961

1961

1961

1961

1961

1961

1961

1961

1961

1961

1961

1961

1961

1961

1961

1961

1961

1961

1961

1961

1961

1961

1961

1961

1961

1961

1961

1961

1961

1961

1961

1961

1961

1961

1961

1961

1961

1961

1961

1961

1961

1961

1961

1961

1961

1961

1961

1961

1961

1961

1961

1961

1961

1961

1961

1961

1961

1961

1961

1961

1961

1961

1961

1961

1961

1961

1961

1961

1961

1961

1961

1961

1961

1961

1961

1961

1961

1961

1961

1961

1961

1961

1961

1961

1961

1961

1961

1961

1961

1961

1961

1961

1961

1961

1961

1961

1961

1961

1961

1961

1961

1961

1961

1961

1961

1961

1961

1961

1961

1