ATTACHMENT C

ITEMS STILL CLASSIFIED IN MARCHETTI MANUSCRIPT

Item No. MSS p. no. Item No. MSS p. no.

1 11 63 86

9 (lines 14-16; line 24, last two words thru line 29) 14 67

72 73 74 79 | 92 97 97 98 100 |

10 (line 1, first 7 words; line 2, last 2 words thru line 4) 15 107

128 129 130 148 149 | 123 132 133 133 155 156 |

18 42 152 165

19 43 159 181

20 44 160 182

21 45 161 183

22 46 162 184

23 46 182 196

24 47 194 215

26 47 195 216

27 48 196 217

28 48 197 218

29 49 198 219

31 54 201 222

34 59 224 252

38 63 225 253

41 65 226 257

42 65a 234 262

43 65a 236 262

46 (line 24, fourth word thru line 31) 70 256

261 273 | 329 334 380 |

47 71 278 400

48 71a 279 403

49 71a 280 404

50 72 283 413

51 72 284 413

52 77 286 414

53 78 287 414

54 80 287a 415

55 80 288 416

56 81 290 417

58 84 291 417

59 85 296 425

62 86 298 426